mot_commun,ld,nom,homonymes
ACACIAS, ,ALL DES ACACIAS (44055_0020),IMP DES ACACIAS (44069_0022)
AIGRETTE, ,ALL DES AIGRETTES (44055_0040),IMP DES AIGRETTES (44069_0036)
AJONCS, ,AV DES AJONCS (44055_0050),IMP DES AJONCS (44069_0044)
ALBATROS, ,AV DES ALBATROS (44055_0060),ALL DES ALBATROS (44069_0042)
ATLANTIQ, ,AV DE L ATLANTIQUE (44055_0310),ALL DE L ATLANTIQUE (44069_0127)
BALZAC, ,AV HONORE DE BALZAC (44055_1700),RUE HONORE DE BALZAC (44069_1095)
BRETAGNE, ,AV ANNE DE BRETAGNE (44055_0260),AV ANNE DE BRETAGNE (44069_0043) + IMP ANNE DE BRETAGNE (44069_0045)
BRIERE, ,ALL DE LA BRIERE (44055_0613),AV DE LA BRIERE (44069_0450)
CAMELIAS, ,AV DES CAMELIAS (44055_0650),ALL DES CAMELIAS (44069_0458)
CERISIER, ,AV DES CERISIERS (44055_0755),AV DES CERISIERS (44069_0522)
CERISIER, ,IMP DES CERISIERS (44055_0756),AV DES CERISIERS (44069_0522)
CHAPELLE, ,ALL DE LA CHAPELLE (44055_0770),PL DE LA CHAPELLE (44069_0536) + IMP DE LA CHAPELLE (44069_0535)
CHARMES, ,ALL DES CHARMES (44055_0775),CHE DES CHARMES (44069_0532)
CHATAIGN, ,ALL DES CHATAIGNIERS (44055_0777),IMP DES CHATAIGNIERS (44069_0544) + RUE DES CHATAIGNIERS (44069_0545)
CHATEAU, ,RTE DU CHATEAU (44055_0778),CHE DU CHATEAU (44069_0555) + VEN DU CHATEAU (44069_0556)
CHENES, ,CHE DES CHENES (44055_0795),RUE DES CHENES (44069_0564)
CLAIR, ,AV SAINT CLAIR (44055_3280),PAS SAINT CLAIR (44069_2110)
CLAIRIER, ,AV DE LA CLAIRIERE (44055_0830),AV DE LA CLAIRIERE (44069_0580)
CONNETAB, ,AV DU CONNETABLE (44055_0890),ALL DU CONNETABLE (44069_0612)
CORMORAN, ,AV DES CORMORANS (44055_0920),ALL DES CORMORANS (44069_0618)
COURLIS, ,ALL DES COURLIS (44055_0950),ALL DES COURLIS (44069_0630)
CROCUS, ,ALL DES CROCUS (44055_0953),IMP DES CROCUS (44069_0655)
CUPRESSU, ,AV DES CUPRESSUS (44055_0960),RUE DES CUPRESSUS (44069_0712)
EGLISE, ,AV DE L EGLISE (44055_1159),PL DE L EGLISE (44069_0780) + RUE DE L EGLISE (44069_0800)
ERABLES, ,AV DES ERABLES (44055_1200),IMP DES ERABLES (44069_0827)
EXUPERY, ,IMP SAINT EXUPERY (44055_3285),RUE SAINT EXUPERY (44069_2130)
FAUVETTE, ,ALL DE LA FAUVETTE (44055_1250),RUE DE LA FAUVETTE (44069_0843)
FLORALIE, ,AV DES FLORALIES (44055_1295),AV DES FLORALIES (44069_0845)
FLORALIE, ,LOT DES FLORALIES (44055_A005),AV DES FLORALIES (44069_0845)
FORET, ,BD DE LA FORET (44055_1303),ALL DE LA FORET (44069_0856)
FORGE, ,ALL DE LA FORGE (44055_1306),CHE DE LA FORGE (44069_0857)
FORGE, ,AV DE LA FORGE (44055_1307),CHE DE LA FORGE (44069_0857)
FORSYTHI, ,ALL DES FORSYTHIAS (44055_1309),ALL DES FORSYTHIAS (44069_0855)
FOUR, ,AV DU FOUR (44055_1311),RUE DU FOUR (44069_0860) + IMP DU FOUR (44069_0859)
FRENES, ,ALL DES FRENES (44055_1340),ALL DES FRENES (44069_0865)
FUIE, ,ALL DE LA FUIE (44055_1338),RUE DE LA FUIE (44069_0849)
GAILLARD, ,CHEM DU CHATEAU GAILLARD (44055_0782),RUE DU CHATEAU GAILLARD (44069_0560)
GOELANDS, ,AV DES GOELANDS (44055_1490),CHE DES GOELANDS (44069_0965)
HUGO, ,AV VICTOR HUGO (44055_3730),RUE VICTOR HUGO (44069_2650)
JEAN, ,AV SAINT JEAN (44055_3310),RLE SAINT JEAN (44069_2142) + PL SAINT JEAN (44069_2140)
JONQUILL, ,AV DES JONQUILLES (44055_1868),IMP DES JONQUILLES (44069_1137)
LAMARTIN, ,AV LAMARTINE (44055_2000),RUE LAMARTINE (44069_1188)
LANDE, ,RTE DE LA LANDE (44055_2053),RUE DE LA LANDE (44069_1190)
LAURIERS, ,AV DES LAURIERS (44055_2052),RUE DES LAURIERS (44069_1200)
MAGNOLIA, ,ALL DES MAGNOLIAS (44055_2240),ALL DES MAGNOLIAS (44069_1285)
MARAICHE, ,AV DES MARAICHERS (44055_2262),IMP DES MARAICHERS (44069_1295)
MARAIS, ,ALL DES MARAIS (44055_2263),RTE DES MARAIS (44069_1298)
MEUNIER, ,RTE DU MEUNIER (44055_2517),RUE DU MEUNIER (44069_1468)
MIMOSAS, ,AV DES MIMOSAS (44055_2520),AV DES MIMOSAS (44069_1489)
MOUETTES, ,ALL DES MOUETTES (44055_2550),ALL DES MOUETTES (44069_1510)
MOULIN, ,CHE DU MOULIN (44055_2560),RUE DU MOULIN (44069_1520)
MOULIN, ,IMP DU MOULIN (44055_2561),RUE DU MOULIN (44069_1520)
MOULIN, ,PL DU MOULIN (44055_2562),RUE DU MOULIN (44069_1520)
NAZAIRE, ,RTE DE SAINT NAZAIRE (44055_3325),RTE DE SAINT NAZAIRE (44069_2280)
NOELLES, ,AV DES NOELLES (44055_2625),AV DES NOELLES (44069_1620) + IMP DES NOELLES (44069_1622)
NOISETIE, ,ALL DES NOISETIERS (44055_2649),ALL DES NOISETIERS (44069_1630)
OEILLETS, ,SQ DES OEILLETS (44055_2685),IMP DES OEILLETS (44069_1642) + SQ DES OEILLETS (44069_1644)
ORMEAUX, ,ALL DES ORMEAUX (44055_2720),ALL DES ORMEAUX (44069_1646)
PALOIS, ,AV DU PALOIS (44055_2757),RUE DU PALOIS (44069_1648) + IMP DU PALOIS (44069_1647)
PARC, ,AV DU PARC (44055_2778),AV DU PARC (44069_1660) + CHE DU PARC (44069_1680)
PEUPLIER, ,AV DES PEUPLIERS (44055_2900),RUE DES PEUPLIERS (44069_1740)
PLUVIERS, ,ALL DES PLUVIERS (44055_3000),ALL DES PLUVIERS (44069_1801)
PRAIRIES, ,AV DES PRAIRIES (44055_3035),AV DES PRAIRIES (44069_1830)
PRIEURE, ,RTE DU PRIEURE (44055_3065),RUE DU PRIEURE (44069_1888)
PRUNUS, ,AV DES PRUNUS (44055_3090),ALL DES PRUNUS (44069_1895)
RESEDAS, ,IMP DES RESEDAS (44055_3162),AV DES RESEDAS (44069_1950)
ROCHER, ,CITE DU ROCHER (44055_A030),RLE DU ROCHER (44069_1996)
ROCHER, ,RTE DU ROCHER (44055_3216),RLE DU ROCHER (44069_1996)
ROSSIGNO, ,ALL DES ROSSIGNOLS (44055_3245),ALL DES ROSSIGNOLS (44069_2031)
SALICORN, ,AV DES SALICORNES (44055_3357),AV DES SALICORNES (44069_2365)
SALINES, ,AV DES SALINES (44055_3360),RUE DES SALINES (44069_2370)
SALINES, ,IMP DES SALINES (44055_3362),RUE DES SALINES (44069_2370)
SALINES, ,PL DES SALINES (44055_3361),RUE DES SALINES (44069_2370)
SAULES, ,ALL DES SAULES (44055_3405),ALL DES SAULES (44069_2388)
SOURCES, ,ALL DES SOURCES (44055_3440),RUE DES SOURCES (44069_2405)
SPORTS, ,AV DES SPORTS (44055_3450),AV DES SPORTS (44069_2410)
STERNES, ,ALL DES STERNES (44055_3461),ALL DES STERNES (44069_2415)
TAMARIS, ,ALL DES TAMARIS (44055_3480),CHE DES TAMARIS (44069_2437)
TOURTERE, ,ALL DES TOURTERELLES (44055_3551),IMP DES TOURTERELLES (44069_2482)
TROENES, ,ALL DES TROENES (44055_3610),ALL DES TROENES (44069_2551)
VILLENEU, ,RTE DE VILLENEUVE (44055_3791),LOT DE VILLENEUVE (44069_A129)
GARE,0,LA GARE (44055_B443),LA GARE (44069_B364)
LANDE,0,LA LANDE (44055_B161),LA LANDE (44069_B794)
NEUF,0,LE PARC NEUF (44055_B267),LE PARC NEUF (44069_C314)
VILLENEU,0,VILLENEUVE (44055_B424),VILLENEUVE (44069_D232)
